1,3829,1.3768646193254095 
1,3599,1.2140747543651442 
1,3817,1.1204612536550507 
1,3835,1.090252813503665 
1,234,0.9757755633738637 
1,3707,0.9722912915213495 
1,3617,0.966481850473565 
1,3420,0.9585959829424261 
1,270,0.9437235767611964 
1,3562,0.9386755569596896 
1,170,0.9340623947956225 
1,3343,0.927681565131895 
1,3705,0.9223915308880828 
1,33,0.8973179407213273 
1,361,0.870861552203898 
1,3590,0.8587323927218459 
1,3582,0.8408759873087363 
1,3519,0.8365273185425299 
1,3337,0.8061448185084731 
1,95,0.7891059193735072 
1,3614,0.7580314167597595 
1,3589,0.7545775802964012 
1,177,0.740701424302463 
1,3710,0.7340321850332074 
1,3816,0.7340321850332074 
1,3345,0.7266470614595242 
1,172,0.7241734049473405 
1,3680,0.7174056301082385 
1,3387,0.7138946122860043 
1,3533,0.7066167314173618 
1,3890,0.6981916625734683 
1,3529,0.6799800483554128 
1,326,0.6646598035151369 
1,24,0.6486672832592426 
1,92,0.6384264079453188 
1,163,0.6236573634839753 
1,282,0.6188850355162063 
1,3838,0.6178212838966562 
1,3622,0.6055207844893618 
1,3706,0.5917175210439478 
1,3834,0.5917175210439478 
1,3596,0.5874198094981833 
1,228,0.5756545573688425 
1,184,0.5731871872977221 
1,3327,0.5728572637540825 
1,3469,0.546646371270793 
1,3608,0.5403263866819583 
1,3542,0.531322472634555 
1,3606,0.5262628948824772 
1,257,0.5259372107790898 
1,220,0.5217501435788294 
1,247,0.5217501435788294 
1,3517,0.5170783957270823 
1,217,0.5124895670257185 
1,3673,0.49782942945614594 
1,3830,0.49782942945614594 
1,314,0.49714863482947635 
1,27,0.4970507427277204 
1,3551,0.4949208051935346 
1,3481,0.4948543698004491 
1,3324,0.48758412827987574 
1,3537,0.4826180028365166 
1,3515,0.4726420372198196 
1,3472,0.4683085998941994 
1,3708,0.4683085998941994 
1,3841,0.4640039546816934 
1,3768,0.459479872945943 
1,3797,0.45765917002101736 
1,3666,0.4548232972537951 
1,316,0.451494074800275 
1,3474,0.451494074800275 
1,3591,0.4504991420061881 
1,168,0.44847129772681504 
1,3470,0.4462564347487793 
1,185,0.4454887267807986 
1,274,0.4418997979185504 
1,3586,0.4400401251322866 
1,3636,0.4400401251322866 
1,3498,0.4396410366862775 
1,3417,0.4386343160774981 
1,3610,0.43677438586414014 
1,3700,0.432016199143842 
1,3379,0.4303732944179697 
1,42,0.4300557328283647 
1,3341,0.4256721163269108 
1,3611,0.4256721163269108 
1,3549,0.42096156486705255 
1,65,0.4186577124749142 
1,190,0.4151202679263528 
1,3699,0.4133090126395319 
1,41,0.41256354187916033 
1,3612,0.41256354187916033 
1,112,0.4009443126237065 
1,3734,0.40002143717704286 
1,3613,0.3978609852086432 
1,3661,0.397580177833019 
1,3709,0.397580177833019 
1,3618,0.39319026856418016 
1,3818,0.39263851075135375 
1,3511,0.39089579441229194 
1,3760,0.38941175156962315 
1,3,0.3886279438494581 
1,3824,0.384170281214402 
1,3831,0.384170281214402 
1,3658,0.38157221460835616 
1,3403,0.3668986209232112 
1,3525,0.365314166977531 
1,15,0.3639250160168892 
1,3822,0.36259317086128834 
1,113,0.36137257997058764 
1,3332,0.36137257997058764 
1,3351,0.3605170955013172 
1,3535,0.3552197108745043 
1,161,0.3544561029494987 
1,3812,0.35373918439443613 
1,325,0.35004215481317275 
1,3821,0.35004215481317275 
1,3407,0.3493390924658897 
1,125,0.3485493257661786 
1,319,0.3464216033680933 
1,141,0.33672952327991235 
1,3347,0.3359958012162074 
1,3475,0.3359958012162074 
1,3653,0.3359958012162074 
1,171,0.33444192455283583 
1,12,0.3315402819556097 
1,3869,0.3293870444801833 
1,322,0.32777527800232914 
1,3473,0.32777527800232914 
1,175,0.3261792082043007 
1,3480,0.32459860689688125 
1,16,0.32392056380247225 
1,329,0.3199473974210848 
1,3820,0.31977163727372343 
1,3405,0.31944267053474923 
1,3795,0.31656712733992654 
1,3441,0.3120476507293287 
1,3595,0.31103372389846023 
1,360,0.3095961754897672 
1,32,0.3053621693334731 
1,3356,0.3044482312058709 
1,3374,0.3039764522048428 
1,43,0.30124240845491174 
1,3592,0.29989374703921845 
1,3937,0.298790219561437 
1,3704,0.29855710770742183 
1,3548,0.29723233042397185 
1,178,0.2933276125556918 
1,3495,0.29231079076820643 
1,3580,0.2921680627597075 
1,3333,0.2907809680057127 
1,3849,0.28952415636688505 
1,3482,0.28339961632764715 
1,3628,0.28339961632764715 
1,3848,0.27984770856798846 
1,3436,0.2794067668766124 
1,3404,0.2784336813205561 
1,23,0.2775288233277041 
1,3604,0.2752480519455137 
1,3597,0.2730044624055199 
1,3805,0.27079715283415534 
1,106,0.27048669814532816 
1,3532,0.2697068291445942 
1,3602,0.2681903122813579 
1,3354,0.2634721345347337 
1,3593,0.2623136656446014 
1,3828,0.2592678040039169 
1,3714,0.25727622449212634 
1,3922,0.2558837186465558 
1,3528,0.25531500858985223 
1,317,0.2533834671652267 
1,3490,0.24504128895417096 
1,3827,0.24504128895417096 
1,39,0.2441481641675584 
1,3694,0.24402056191868907 
1,3842,0.24326152624768665 
1,3449,0.24093378319757652 
1,3563,0.23977845002816392 
1,3460,0.2397001282589962 
1,34,0.23639370884681185 
1,304,0.2347369216637978 
1,3607,0.23310319634215837 
1,3625,0.23310319634215837 
1,3629,0.23229483192655115 
1,3775,0.23229483192655115 
1,3715,0.23149205469121242 
1,3331,0.23069480691018168 
1,3876,0.22911667275611222 
1,3925,0.22719291449273354 
1,3369,0.22674688196100237 
1,3939,0.22437708116456365 
1,3788,0.22331960653823077 
1,3494,0.22123428091293798 
1,3630,0.2186466651227559 
1,216,0.2165263796487891 
1,268,0.21582872663604022 
1,366,0.21278954183317414 
1,145,0.2121681426089602 
1,3654,0.20844110389983944 
1,129,0.20721951683851847 
1,327,0.2028521276076183 
1,3531,0.19855546802168575 
1,3336,0.19796865775811845 
1,3342,0.19680538163162964 
1,3388,0.19680538163162964 
1,3396,0.19565616253270218 
1,3504,0.19339615812748437 
1,375,0.19208698143559272 
1,313,0.19173545904462966 
1,3692,0.1890301128604147 
1,3397,0.18692018984515182 
1,287,0.18678660982842646 
1,3415,0.1765730720723843 
1,3439,0.17603108957692148 
1,3771,0.17564706399573107 
1,146,0.1729264126601026 
1,3701,0.17159744985108255 
1,14,0.17072276486545143 
1,3444,0.16732843455620372 
1,173,0.1664797718326391 
1,3790,0.16586414528914975 
1,3561,0.16323426741543604 
1,3567,0.1538608311979585 
1,3527,0.15176921297085397 
1,3928,0.1490672748899956 
1,370,0.1464598589168977 
1,3826,0.14150942385493617 
1,328,0.13973820919732813 
1,315,0.1374444294483548 
1,3530,0.13522473759431045 
1,3781,0.13387347393830892 
1,3401,0.13281175284847452 
1,186,0.13099370881342445 
1,226,0.13073804348796558 
1,3929,0.1297252847093678 
1,144,0.1275029634951538 
1,3569,0.12726073005309632 
1,3792,0.1267790139253772 
1,3329,0.12535550095752707 
1,3913,0.12396360030214447 
1,3437,0.12083300306958604 
1,3412,0.11522121581946594 
1,3443,0.10938831628519637 
1,3793,0.10444219961467746 
1,3409,0.10427960924595399 
1,351,0.09666695381408309 
1,241,0.09376937655546472 
1,3503,0.09337723514654762 
1,262,0.08672784712087565 
1,3726,0.08475267966869442 
1,3693,0.06818803102889356 
2,3766,2.44218722685985 
2,219,1.8452092324755798 
2,3762,1.714259125138788 
2,3663,1.4357541714580324 
2,223,1.330325100695521 
2,3549,1.3206275813365997 
2,305,1.218481947128216 
2,3738,1.2160029834930284 
2,288,1.058325833691144 
2,3547,0.9868769197071915 
2,3473,0.948244795861223 
2,195,0.8956531560767178 
2,3390,0.8874498519049978 
2,3421,0.7740214226541475 
2,3943,0.7683441538449514 
2,40,0.7678872559532381 
2,143,0.7648564889304832 
2,3423,0.7358873192565228 
2,212,0.7095084781257741 
2,364,0.7060614657151119 
2,103,0.667393683312611 
2,286,0.616560945349248 
2,60,0.5992847053518109 
2,277,0.5882343398078114 
2,3505,0.5724524736800235 
2,3382,0.5604238868951267 
2,3545,0.5546853695898346 
2,3667,0.5465636320403546 
2,3744,0.5460808173711834 
2,3385,0.5397893375007998 
2,3653,0.5351243594876902 
2,31,0.534447705712928 
2,344,0.5331809129090807 
2,3335,0.5235661961510848 
2,3325,0.5095648382955231 
2,3665,0.50828976130622 
2,3,0.505340829039005 
2,110,0.5024259168943902 
2,3343,0.4995444395430195 
2,3620,0.4938795142800065 
2,3911,0.47805700422677644 
2,166,0.4724488872907892 
2,3538,0.46488421818748044 
2,3349,0.4611112048758834 
2,245,0.45045906506112343 
2,3802,0.45045906506112343 
2,3359,0.44901899560014236 
2,3584,0.4475698209666891 
2,3856,0.4397384993238847 
2,3760,0.43837433969241096 
2,177,0.43303620985575775 
2,359,0.42621286849190204 
2,3944,0.4241374664326712 
2,3666,0.41803078581942693 
2,323,0.4050839628988924 
2,3631,0.40072213732025114 
2,3408,0.3976229254958983 
2,66,0.3934811742491059 
2,247,0.3934811742491059 
2,258,0.39171163792915703 
2,3827,0.3902654804762291 
2,3506,0.3882198866862735 
2,3380,0.386497251808093 
2,3521,0.386497251808093 
2,3552,0.3847898369726594 
2,178,0.38141986765199015 
2,3599,0.38141986765199015 
2,3448,0.37970370061638936 
2,226,0.3782215367617221 
2,310,0.37324765883546335 
2,3579,0.37007599571930744 
2,165,0.3699648111584799 
2,3860,0.36541829578493 
2,3360,0.3645300375125482 
2,3515,0.356445984909721 
2,225,0.3535523317387243 
2,188,0.3385731797621495 
2,3714,0.33454151363659745 
2,3822,0.33326153049570356 
2,201,0.33301036572431325 
2,3720,0.3282380679236033 
2,3462,0.3245687449005048 
2,275,0.3233638001235468 
2,3446,0.3169749927398129 
2,3327,0.3084761749248455 
2,337,0.294412614953207 
2,3344,0.29193390173237743 
2,3449,0.2886468435325441 
2,19,0.2806464881767185 
2,65,0.27612441326030346 
2,3773,0.274456355026024 
2,361,0.2735942715146156 
2,3533,0.2719019400477717 
2,3414,0.27052300109772676 
2,218,0.2698387632786594 
2,367,0.26646884536297943 
2,55,0.26642382556929267 
2,3561,0.2599753701711259 
2,3336,0.2574226769292214 
2,3388,0.25591004529409417 
2,3404,0.25591004529409417 
2,3697,0.2551603761863555 
2,3442,0.2522051130299599 
2,266,0.2513986408010668 
2,3788,0.2513986408010668 
2,3698,0.2486059259983305 
2,3771,0.2283974540241844 
2,3781,0.2132138459299708 
2,3643,0.21278857836801984 
2,3925,0.20985855175603285 
2,186,0.20862738246122897 
2,3891,0.20525437279429704 
2,3407,0.20423408352203423 
2,3935,0.2015334114237158 
2,197,0.20099169902548217 
2,3567,0.20006837188301987 
2,372,0.19869917843727833 
2,374,0.19690247546472828 
2,3437,0.1924449149023095 
2,129,0.19140908419794586 
2,371,0.18879359173337987 
2,3947,0.18717083112677188 
2,3418,0.18361968162946404 
2,3931,0.18361968162946404 
2,3932,0.1772668869849624 
2,375,0.17654828211316406 
2,3530,0.17583547988242804 
2,198,0.17442700446263462 
2,3782,0.17167667918196614 
2,3645,0.16897468465877669 
2,3724,0.16738776444273445 
2,3569,0.16547971870507683 
2,3434,0.16485333341499242 
2,3439,0.16179121682816658 
2,145,0.16000794809443508 
2,3495,0.15740555340874918 
2,3867,0.15543926208050315 
2,56,0.15516236640838932 
2,3503,0.1487174332764174 
2,255,0.1441226920473077 
2,3366,0.143903039269379 
2,262,0.13812727263946004 
2,3726,0.13498151839520006 
2,241,0.12193022976588835 
2,3459,0.09631361559778924 
2,351,0.08884716968032187 
2,3693,0.08866628526338412 
3,3558,1.0965727248984036 
3,3506,1.094198499091098 
3,3789,1.0893432493658042 
3,3652,1.0166114095983096 
3,217,0.8999771859442229 
3,3853,0.8881542560698441 
3,304,0.8603003604171343 
3,254,0.8580936967268021 
3,3345,0.8484080675207526 
3,3671,0.8438137929687217 
3,3653,0.8266036920032053 
3,268,0.7910026679965301 
3,3635,0.7819992694943547 
3,3595,0.7651929684279966 
3,3775,0.7033556842502319 
3,313,0.7027019156240343 
3,4,0.6995573454244655 
3,3832,0.6917316673459288 
3,277,0.6802895123314949 
3,3830,0.6481268890887419 
3,3740,0.6127213757895614 
3,3850,0.6127213757895614 
3,125,0.612083565303213 
3,3879,0.588909959952479 
3,3810,0.5837324573460441 
3,21,0.5812492353753518 
3,3496,0.5788906923460568 
3,360,0.5702428644066908 
3,207,0.5676194177255169 
3,3354,0.5600340175061709 
3,3390,0.5592438540033422 
3,43,0.554856123808212 
3,66,0.5516647916354323 
3,3521,0.5474699912785062 
3,3750,0.5439576554794158 
3,310,0.5287020582201594 
3,224,0.519449380793157 
3,3579,0.518850482382972 
3,3355,0.5123203375324538 
3,328,0.5121343114002619 
3,3583,0.5001346867798768 
3,3658,0.49677097773626316 
3,3560,0.4908420741016584 
3,3887,0.48505302289038255 
3,3663,0.4838991493857517 
3,3509,0.4812689266608777 
3,3680,0.480094372378111 
3,118,0.47387514062807934 
3,3605,0.4667051002197321 
3,3571,0.46494636467075134 
3,3544,0.4628463077100091 
3,3578,0.45299682452339246 
3,3522,0.44644030016387537 
3,3799,0.44483071744887315 
3,113,0.4353797587317281 
3,3356,0.4343981465097559 
3,3519,0.41736690178910263 
3,3562,0.4134516221868129 
3,151,0.39881830825334963 
3,3892,0.39684375601162464 
3,3419,0.39107467192702233 
3,15,0.38876503672278284 
3,31,0.38723102489689953 
3,329,0.38547091953510654 
3,3591,0.38363851988718617 
3,361,0.3835820788015788 
3,3461,0.379206141781172 
3,3636,0.3747317731726195 
3,70,0.3731619523358856 
3,3881,0.3699273041585003 
3,3685,0.3667482513229282 
3,3495,0.36652629830117944 
3,3336,0.36463698004069367 
3,82,0.36362337272878587 
3,3517,0.3613103884132986 
3,3852,0.3613103884132986 
3,199,0.3582837553126612 
3,77,0.35753069197531273 
3,3790,0.3549794151068913 
3,12,0.3541698542745211 
3,278,0.3487651067057404 
3,3836,0.3487651067057404 
3,3847,0.3487651067057404 
3,37,0.3473159938611318 
3,3880,0.3459379844763563 
3,3551,0.3458276923499256 
3,279,0.34315632753000247 
3,3709,0.3385734993436426 
3,55,0.3375184255064522 
3,3772,0.3371590280808644 
3,189,0.3357563262283371 
3,3626,0.33507343925238864 
3,72,0.32989311954594186 
3,3727,0.32972622861721396 
3,167,0.3273625657155444 
3,205,0.32241616691049846 
3,3392,0.3210632134973506 
3,3793,0.31623611324167533 
3,46,0.31608438337232153 
3,3701,0.3160640507692544 
3,320,0.31527062968692726 
3,3481,0.31527062968692726 
3,3536,0.31357817564829593 
3,318,0.3111601209016981 
3,357,0.3111601209016981 
3,3733,0.3111601209016981 
3,148,0.3099650243411072 
3,282,0.30877907285451717 
3,73,0.30622178982334913 
3,3911,0.3043684863838162 
3,3616,0.304040163552914 
3,3379,0.3007248870845122 
3,3779,0.29976885671195824 
3,3615,0.2956158981251643 
3,3841,0.2956158981251643 
3,3882,0.2935822728938473 
3,71,0.29157643626124746 
3,156,0.28959782251391947 
3,3835,0.28764588119045875 
3,168,0.2857200765709356 
3,164,0.28381988718670176 
3,185,0.28381988718670176 
3,212,0.28381988718670176 
3,3614,0.28009433669988465 
3,3610,0.2782679997714015 
3,101,0.27358551526464014 
3,349,0.27292914940102087 
3,3330,0.27292914940102087 
3,3341,0.2711947682884346 
3,3611,0.2711947682884346 
3,289,0.2677913049179314 
3,44,0.2661214082770524 
3,3385,0.26447220890001005 
3,3612,0.26284332436341323 
3,308,0.2624154961182769 
3,203,0.26123438160758317 
3,3826,0.2606451422467473 
3,174,0.25652360797372764 
3,3335,0.25652360797372764 
3,3617,0.2549908792628117 
3,3773,0.2542939136056643 
3,169,0.2536783707562428 
3,248,0.2536783707562428 
3,3613,0.25347635787306805 
3,201,0.2519126168906245 
3,3351,0.2519126168906245 
3,181,0.25050065458043497 
3,3618,0.25050065458043497 
3,314,0.24804137396131112 
3,89,0.24759400754763886 
3,78,0.24728135945615337 
3,3696,0.24728135945615337 
3,3468,0.24652598818913513 
3,3643,0.24608872418938987 
3,311,0.2455988628056335 
3,3371,0.24475404049540742 
3,3831,0.24475404049540742 
3,287,0.2431785209721014 
3,3620,0.24197848493423388 
3,3411,0.23986909487150976 
3,3573,0.23926517412112996 
3,179,0.23793120981323573 
3,206,0.2366120374184495 
3,3809,0.2366120374184495 
3,3840,0.2366120374184495 
3,3508,0.2353074122589997 
3,3627,0.23274085162268068 
3,137,0.2326327335838957 
3,3399,0.23233188700483653 
3,166,0.2314784530436594 
3,3329,0.23089135329941624 
3,241,0.2306877424569646 
3,3332,0.230229675217093 
3,75,0.2289942988825161 
3,3512,0.22777210946041518 
3,180,0.22536645569876654 
3,3837,0.22536645569876654 
3,3397,0.22520044869894307 
3,105,0.2241825845062156 
3,3609,0.2241825845062156 
3,3787,0.22333086194958002 
3,325,0.2230110862907403 
3,324,0.22185176809039747 
3,259,0.220704440934927 
3,270,0.220704440934927 
3,319,0.220704440934927 
3,3619,0.220704440934927 
3,3743,0.220704440934927 
3,2,0.21956891974306572 
3,348,0.21956891974306572 
3,3621,0.21956891974306572 
3,3721,0.21956891974306572 
3,170,0.2184450232230156 
3,222,0.2184450232230156 
3,3744,0.2184450232230156 
3,3537,0.21733257377595291 
3,3845,0.21733257377595291 
3,13,0.21623139740247066 
3,346,0.21623139740247066 
3,3742,0.21623139740247066 
3,3839,0.21623139740247066 
3,79,0.21514132361185104 
3,3347,0.21406218533406843 
3,3846,0.21406218533406843 
3,3350,0.21193606363074444 
3,3829,0.21193606363074444 
3,3843,0.21193606363074444 
3,3856,0.2100555330835515 
3,176,0.20985176096527028 
3,331,0.20985176096527028 
3,65,0.20888005507124893 
3,322,0.20882490809017842 
3,135,0.20828414136323148 
3,175,0.20780805553525072 
3,3478,0.20780805553525072 
3,3944,0.20780805553525072 
3,3387,0.2078043629109496 
3,3480,0.20680105792163955 
3,3699,0.2062114389610389 
3,208,0.2058037726748193 
3,3533,0.20568587739330832 
3,341,0.20550870324418066 
3,3338,0.20481605995729218 
3,3755,0.20481605995729218 
3,312,0.20464275034624874 
3,3460,0.2041251444176709 
3,3487,0.20286880605493918 
3,74,0.2019089983012302 
3,3794,0.2019089983012302 
3,367,0.20157589992493838 
3,69,0.20095822981739478 
3,3510,0.20001637350697035 
3,3734,0.1995818955138144 
3,183,0.19815890082344878 
3,321,0.19815890082344878 
3,3334,0.19543648915087294 
3,3662,0.19543648915087294 
3,32,0.19454556589477406 
3,247,0.1927878675707939 
3,3502,0.1927878675707939 
3,3489,0.19192087530778915 
3,172,0.1910616460886321 
3,3348,0.1910616460886321 
3,115,0.19021007611266166 
3,352,0.19021007611266166 
3,3758,0.19021007611266166 
3,3788,0.19017573026351914 
3,3409,0.19010829519647088 
3,3376,0.1893660634215812 
3,3380,0.1893660634215812 
3,3337,0.18852950785876388 
3,3494,0.18839989727789458 
3,90,0.1877003110296319 
3,3946,0.1877003110296319 
3,178,0.18687837626307663 
3,3333,0.1852559146261622 
3,3349,0.1844552026976592 
3,3849,0.1844552026976592 
3,3339,0.1836613826450794 
3,3819,0.18287436587023373 
3,3739,0.18209406528708003 
3,3449,0.18189644505154554 
3,76,0.1813203952895992 
3,3628,0.18055327172048716 
3,3576,0.1797926118406381 
3,3661,0.17903833429939595 
3,68,0.17829035910555147 
3,182,0.17829035910555147 
3,3761,0.17829035910555147 
3,3848,0.17829035910555147 
3,3868,0.17608346749905607 
3,326,0.1753599279965041 
3,3604,0.1753599279965041 
3,3515,0.17464231031142569 
3,3413,0.17454588505495244 
3,3746,0.17393054203934244 
3,177,0.17322455195134526 
3,3503,0.17199082629528278 
3,276,0.17182962714782024 
3,3389,0.17114055564131642 
3,3644,0.17085072867015275 
3,3722,0.1697788606043078 
3,3768,0.1697788606043078 
3,47,0.16910610672259604 
3,3797,0.16910610672259604 
3,3866,0.16910610672259604 
3,92,0.16843866341288116 
3,143,0.16843866341288116 
3,3340,0.16711945895639643 
3,3936,0.16661794352501016 
3,3328,0.16646757546668495 
3,3541,0.16646757546668495 
3,315,0.16559231621036438 
3,3745,0.16517894720991014 
3,3828,0.16517894720991014 
3,274,0.16328298280153816 
3,3822,0.16328298280153816 
3,3367,0.16266062995281833 
3,323,0.16204300328420448 
3,330,0.16204300328420448 
3,3492,0.1608217147651574 
3,3648,0.1602179480595772 
3,3405,0.15937889264945382 
3,38,0.15902391347923425 
3,3462,0.15902391347923425 
3,3623,0.15902391347923425 
3,250,0.1584335453770408 
3,275,0.1584335453770408 
3,3435,0.15782052236283356 
3,3796,0.15751249814106386 
3,3570,0.15690004276650005 
3,3827,0.1561152657882575 
3,3834,0.1561152657882575 
3,3441,0.15568931020971372 
3,39,0.1555462579527242 
3,3718,0.1555462579527242 
3,3842,0.1549813828857121 
3,3565,0.1544205957249903 
3,3927,0.15420191988281204 
3,285,0.1538638522553079 
3,213,0.15331110889677266 
3,3563,0.15276232269347956 
3,3327,0.15113928658377565 
3,3546,0.15113928658377565 
3,171,0.1506059115376026 
3,3844,0.14955037607035657 
3,3607,0.14850953326422664 
3,3625,0.14850953326422664 
3,3769,0.14850953326422664 
3,145,0.1482532525985334 
3,165,0.14799452607447958 
3,306,0.1474830784649826 
3,3715,0.1474830784649826 
3,103,0.14697515365865335 
3,3331,0.14697515365865335 
3,35,0.1454721558096468 
3,3838,0.1444871193406821 
3,3833,0.14399958671411248 
3,3608,0.14255653157006595 
3,3795,0.14255653157006595 
3,3622,0.14161045618236162 
3,3630,0.1392993090472158 
3,3606,0.13884610272166298 
3,3412,0.13881790684931994 
3,3624,0.13794847983909317 
3,251,0.13706238844870064 
3,273,0.13662359784399364 
3,184,0.13404874143100737 
3,60,0.13197601933715944 
3,3443,0.13179046057173188 
3,48,0.13156914305206874 
3,3870,0.12996641993927843 
3,3368,0.12840227436467613 
3,3645,0.1278244144384983 
3,351,0.12585124210445228 
3,3342,0.12538427541379588 
3,3404,0.12538427541379588 
3,3442,0.12356902722038553 
3,3698,0.1218055893783072 
3,3602,0.12077148073075136 
3,3692,0.12043066879519711 
3,3804,0.12009177496015698 
3,3458,0.11975478307837273 
3,335,0.11712543916781358 
3,307,0.11680486724729647 
3,3646,0.11369309128456971 
3,200,0.11279163323397898 
3,3415,0.11249431553057544 
3,3432,0.111320555704086 
3,130,0.11074281333217743 
3,146,0.11017103684632858 
3,3414,0.10821549004711695 
3,173,0.10606389616601193 
3,358,0.10274432429613839 
3,3416,0.10032887954067862 
3,3641,0.09893336837784614 
3,3886,0.09825007025660787 
3,265,0.0980243968654763 
3,3567,0.0980243968654763 
3,372,0.09735355439073744 
3,3906,0.09647325170434579 
3,366,0.09582340179480431 
3,136,0.09497043269363194 
3,369,0.09497043269363194 
3,3928,0.09497043269363194 
3,3912,0.09413251497018119 
3,3914,0.09371907642444556 
3,3938,0.09351371606204965 
3,3909,0.09270119626413278 
3,371,0.09250026772123796 
3,3918,0.09250026772123796 
3,3947,0.0917051888778273 
3,3418,0.08996528724131939 
3,3923,0.08921301251127013 
3,3417,0.08902690547671754 
3,3921,0.08884157330054131 
3,134,0.08720766855947969 
3,3932,0.08685270698899639 
3,3915,0.08650062330640507 
3,3530,0.08615138265384895 
3,16,0.08546129379959554 
3,3908,0.08394829987359691 
3,3925,0.08394829987359691 
3,3369,0.08378348983622955 
3,186,0.08345580353122477 
3,3929,0.08264769332668666 
3,140,0.07897693687392429 
3,3937,0.07883105178205649 
3,138,0.07868570465027404 
3,3907,0.07726117834786703 
3,129,0.07656808390377065 
3,139,0.07656808390377065 
3,3867,0.07615816418781582 
3,133,0.07561838373273495 
3,3786,0.07548463205464306 
3,327,0.07495432362590754 
3,3370,0.07132162616223774 
3,255,0.07061355990254421 
3,262,0.05525412048845004 
3,141,0.05183162430825397 
3,3459,0.04718928829203863 
3,3693,0.04344244446757132 
4,3338,0.9841019232350869 
4,3330,0.9155975100728558 
4,143,0.8093155031218154 
4,96,0.7850589429110572 
4,3505,0.7682089301851862 
4,3485,0.7403988801691733 
4,3334,0.6556322885870931 
4,3376,0.6352677848504288 
4,94,0.5858738974031855 
4,3532,0.576438167629093 
4,3565,0.5180359564380022 
4,3431,0.49761123852500433 
4,3629,0.496478371312064 
4,3820,0.4830765176102092 
4,3875,0.4640302035626078 
4,3736,0.4571741679318255 
4,3938,0.4493154874901518 
4,370,0.4483330850984242 
4,3654,0.4454963501357714 
4,114,0.44405243870672223 
4,3826,0.43317914571652194 
4,3336,0.4231138332240783 
4,71,0.4228152009232027 
4,3932,0.41731061521185037 
4,3504,0.41334113552514706 
4,224,0.3983221600108367 
4,108,0.3883243647745014 
4,289,0.3883243647745014 
4,3612,0.3811492945968542 
4,272,0.3734479217272149 
4,3934,0.3697624582820895 
4,3533,0.364881816540335 
4,64,0.3569652526933137 
4,3581,0.3489147970722561 
4,3561,0.34887682414888255 
4,271,0.34502421928549554 
4,206,0.3431112864425475 
4,3809,0.3431112864425475 
4,277,0.34121944855607306 
4,53,0.3374976771226829 
4,3673,0.32508732779266897 
4,324,0.32170740922378216 
4,270,0.32004366928654576 
4,79,0.31197658883629903 
4,3475,0.3104117296398729 
4,3850,0.3073286390214916 
4,3478,0.30134261149920943 
4,347,0.29843619947495054 
4,3464,0.29700391654951735 
4,153,0.2914096742758831 
4,3632,0.2914096742758831 
4,3510,0.2900438877595266 
4,16,0.2866976575504683 
4,207,0.2847064098375243 
4,3390,0.28340259414520536 
4,42,0.2808304626342035 
4,66,0.2795618260779695 
4,160,0.2758237688217523 
4,352,0.2758237688217523 
4,30,0.27459986540851083 
4,3548,0.27459986540851083 
4,202,0.27338677558235247 
4,3888,0.27338677558235247 
4,3599,0.27099246846229547 
4,3349,0.267478622724035 
4,310,0.26518625009823127 
4,3576,0.2607173963529585 
4,3761,0.25853897857624214 
4,3772,0.25853897857624214 
4,3868,0.2553387634629055 
4,210,0.25324894038370477 
4,177,0.25119304796124287 
4,3658,0.24917026649564203 
4,3389,0.24817104340611973 
4,88,0.24717980247928473 
4,3680,0.24329277754683695 
4,3509,0.2413947514780688 
4,3574,0.24045680074883677 
4,283,0.2395261107117231 
4,3745,0.2395261107117231 
4,3828,0.2395261107117231 
4,36,0.2376861780734803 
4,3930,0.23587429703741228 
4,3492,0.2332076847949369 
4,3756,0.23233216225887746 
4,38,0.2306006918510815 
4,3379,0.2306006918510815 
4,3827,0.2263828597325311 
4,3718,0.22555774105904433 
4,213,0.22231654979783172 
4,3598,0.2207306361299013 
4,304,0.21686310840864173 
4,3844,0.21686310840864173 
4,3625,0.21535378150333248 
4,3769,0.21535378150333248 
4,111,0.21460696920532257 
4,3775,0.21460696920532257 
4,3331,0.21312877652850779 
4,3493,0.21312877652850779 
4,3838,0.20952087616609888 
4,351,0.20915844842625358 
4,3655,0.2081116882605952 
4,3624,0.2000391902998527 
4,19,0.19939465939324028 
4,3580,0.19078850941511277 
4,3660,0.19078850941511277 
4,3897,0.1896193332227931 
4,3732,0.18508249712266764 
4,3924,0.1845306117171898 
4,3342,0.181819828383506 
4,3404,0.181819828383506 
4,199,0.17970787906959973 
4,3450,0.17970787906959973 
4,3602,0.1751308114802969 
4,3692,0.17463659984627006 
4,3804,0.1741451696511848 
4,3458,0.17365649747989031 
4,335,0.16984368397515573 
4,3858,0.1689164985313067 
4,3727,0.16709216896870008 
4,3415,0.1631280882422255 
4,269,0.1605882336386472 
4,3387,0.15934773580435785 
4,154,0.15853132990727534 
4,3757,0.15853132990727534 
4,3699,0.1581262560376622 
4,3414,0.15692336031667098 
4,3460,0.1565264517455399 
4,3445,0.15495869449405464 
4,3734,0.15304261523756724 
4,3911,0.152665071560187 
4,3865,0.15154353485597077 
4,3910,0.15154353485597077 
4,3919,0.15043835646270368 
4,3939,0.14652035700941282 
4,3788,0.14582981607281398 
4,3416,0.14548698072221353 
4,3641,0.14346334897655721 
4,197,0.14280125729853801 
4,265,0.1421452487296231 
4,132,0.14117245957223595 
4,3527,0.1402128947261753 
4,3906,0.13989593201056966 
4,101,0.13864228313198118 
4,136,0.13771669307715712 
4,3928,0.13771669307715712 
4,3922,0.13710646854406563 
4,3912,0.1365016279808799 
4,3914,0.13590210044694714 
4,3920,0.13471870688152235 
4,3909,0.13442607169093074 
4,371,0.1341347050656827 
4,3463,0.1341347050656827 
4,3918,0.1341347050656827 
4,3413,0.13384459877482596 
4,3947,0.13298176066030812 
4,3410,0.13156815587061005 
4,3418,0.13045872803990952 
4,3931,0.13045872803990952 
4,3923,0.12936785391025168 
4,328,0.12909797996496117 
4,3417,0.12909797996496117 
4,3921,0.12882922964236213 
4,3396,0.12776532539148994 
4,3936,0.12776532539148994 
4,248,0.1272399356611995 
4,315,0.12697885783095106 
4,354,0.12697885783095106 
4,134,0.12645990319664632 
4,3926,0.12568937629055665 
4,375,0.1254346163642334 
4,3915,0.1254346163642334 
4,131,0.1251808870951842 
4,3403,0.12442582106449931 
4,198,0.12392748389536218 
4,3401,0.12269893185858555 
4,3916,0.1222143044685713 
4,3908,0.12173349030994254 
4,3925,0.12173349030994254 
4,186,0.12101932100797794 
4,3435,0.12101932100797794 
4,3411,0.12031348241308419 
4,3929,0.11984747981641564 
4,46,0.11869811507492584 
4,3927,0.11824451828540679 
4,3569,0.11757058626335318 
4,3434,0.11712554993891262 
4,3792,0.11712554993891262 
4,3935,0.11690429282671967 
4,137,0.11668387007399378 
4,3642,0.11537859376826863 
4,3439,0.11494996706303474 
4,140,0.1145245132316802 
4,3913,0.1145245132316802 
4,3937,0.1143129651545423 
4,138,0.11410219717371294 
4,3716,0.11389220498215494 
4,3917,0.11368298430447941 
4,3907,0.11203649055319251 
4,3437,0.1116322922627076 
4,129,0.11103143379896016 
4,139,0.11103143379896016 
4,133,0.10965427289466309 
4,3786,0.10946031948960959 
4,327,0.10869131885388544 
4,3790,0.1083108562456221 
4,188,0.1081216220236137 
4,3412,0.10644780906269333 
4,135,0.10447110909495451 
4,3370,0.10342354163673556 
4,3933,0.10325098615853412 
4,255,0.10239677424188674 
4,3443,0.10105904995709028 
4,3645,0.09801782183957848 
4,3793,0.09648955050162408 
4,3449,0.09217790061415809 
4,241,0.08662939911295031 
4,3503,0.08626711692798025 
4,262,0.08012404004837569 
4,3726,0.0782992697895193 
4,3459,0.06842922105250059 
5,3431,0.9411832805661758 
5,71,0.7167517376639293 
5,3540,0.702355663556435 
5,26,0.6885264979354923 
5,224,0.6752314006555145 
5,343,0.6382580816446627 
5,3386,0.6343983656143014 
5,155,0.615779456525107 
5,206,0.5816385272639959 
5,3944,0.5699602535221944 
5,3889,0.551084508265446 
5,3742,0.5315389398848996 
5,284,0.5235803404376204 
5,30,0.5193789491859032 
5,3376,0.5193789491859032 
5,202,0.5170845077147068 
5,3464,0.5034778144566401 
5,153,0.4939945156968382 
5,3912,0.48957563643292196 
5,3872,0.48900134316075883 
5,3931,0.4679022203113543 
5,352,0.46757345800325967 
5,3506,0.46757345800325967 
5,3758,0.46757345800325967 
5,3337,0.4634422935247802 
5,3936,0.45824208412634965 
5,27,0.4514754924663173 
5,3551,0.449540851765668 
5,3930,0.44613330146030666 
5,112,0.4438351497327992 
5,3720,0.4410896636481659 
5,182,0.43827246925788066 
5,3379,0.4361587899432558 
5,3598,0.41749053910035494 
5,138,0.4092380188135187 
5,3536,0.40761975774173287 
5,129,0.39822444369527854 
5,139,0.39822444369527854 
5,133,0.3932851295188482 
5,135,0.3746952360976954 
5,165,0.3637994039874719 
5,103,0.3612935878119992 
5,290,0.3500655498329124 
5,3924,0.34902171224201733 
5,19,0.33801166156978046 
5,268,0.33801166156978046 
5,3897,0.3214406347864451 
5,130,0.30373703175265954 
5,12,0.3011409081634249 
5,3692,0.29604206784956527 
5,3804,0.29520900071882167 
5,3734,0.2894652281220185 
5,3911,0.2887511409605488 
5,335,0.28791716890648733 
5,3919,0.2845395258319442 
5,3387,0.27012455153269443 
5,132,0.2670139826818167 
5,3460,0.2653419414297795 
5,3906,0.26459955490123943 
5,3445,0.2626842963598205 
5,173,0.260725739209878 
5,136,0.2604777363214051 
5,3928,0.2604777363214051 
5,3938,0.2564823638681664 
5,3909,0.2542538458791997 
5,3921,0.24366796326188453 
5,3641,0.24319751145539115 
5,3886,0.24151783143042088 
5,134,0.2391866126325841 
5,3926,0.2377292358993182 
5,131,0.23676747802091558 
5,3916,0.23115647538990114 
5,3535,0.23037976504827645 
5,3908,0.2302470621529689 
5,3925,0.2302470621529689 
5,59,0.22844953490942357 
5,3413,0.22689191055411614 
5,3929,0.22667985665989865 
5,3441,0.2258052594399532 
5,3927,0.22364801076178703 
5,3935,0.22111310460161984 
5,137,0.22069619639404614 
5,140,0.21661198285661498 
5,3937,0.2162118602351318 
5,3716,0.21541603327480638 
5,3917,0.2150203127031396 
5,3932,0.21350089003558123 
5,375,0.21263539968753975 
5,3915,0.21263539968753975 
5,198,0.21008052509080222 
5,3782,0.20676802321694748 
5,3435,0.20515063894103483 
5,3796,0.20475023875885767 
5,3856,0.2013356821274312 
5,3407,0.20083055365883434 
5,144,0.19968374561531307 
5,3933,0.19528920239509198 
5,3907,0.18992304228994528 
5,3495,0.18957982689774427 
5,3437,0.18923784973671334 
5,3786,0.18555594507510798 
5,3790,0.18360738746480937 
5,188,0.183286599666372 
5,3370,0.17532246480644448 
5,255,0.17358189986737027 
5,3793,0.16356803832370284 
5,3409,0.16331340382002002 
5,55,0.14422854489834988 
6,30,1.6426995384751606 
6,3906,0.8368794449569044 
6,59,0.7225436189679917 
6,3930,0.6968070024335051 
6,272,0.4768759518015884 
6,3910,0.45887557767690584 
6,3919,0.4555290847095321 
6,3920,0.4079298038210481 
6,3926,0.3805888862761127 
6,3782,0.3603272451069925 
6,3935,0.3539875518593103 
6,145,0.3358360809797564 
6,3917,0.3358360809797564 
6,55,0.2513419311190328 
7,3584,0.9178142132150724 
7,3451,0.8745413745246555 
7,3862,0.8710422972788613 
7,3797,0.8668980802285492 
7,164,0.8246991674191151 
7,185,0.8246991674191151 
7,3471,0.7732724652029621 
7,41,0.7637472937954707 
7,165,0.7586726051753949 
7,3812,0.733986284860954 
7,3848,0.7292328411180363 
7,3452,0.7037797561164734 
7,3384,0.6670565877330522 
7,3353,0.6656795363223129 
7,329,0.6638704784318683 
7,147,0.6573884205562431 
7,153,0.6544921872182182 
7,3847,0.652016020009054 
7,3830,0.651410275103527 
7,3766,0.6387587387033901 
7,3568,0.6364130713154326 
7,3798,0.6364130713154326 
7,3447,0.6302625728830689 
7,13,0.6283064064865315 
7,162,0.6167381606929664 
7,3376,0.6167381606929664 
7,3566,0.6127822419491995 
7,3657,0.6060781350502019 
7,3794,0.5866896236341468 
7,23,0.5758546380007361 
7,3386,0.5730920968831774 
7,3335,0.569647288529909 
7,146,0.5647759397331645 
7,89,0.5498178361432188 
7,3620,0.5373477666019696 
7,163,0.5358900188399688 
7,3756,0.5218069215299728 
7,21,0.5179747021971512 
7,3416,0.514321539008467 
7,280,0.5116480401784416 
7,3868,0.5116480401784416 
7,3494,0.5107195448702448 
7,45,0.5074604508430367 
7,3805,0.5013060332538599 
7,285,0.50111254108828 
7,213,0.49931233509509015 
7,88,0.49529910693952733 
7,3619,0.49010571517443663 
7,3593,0.4856012030270821 
7,3828,0.4799626326028696 
7,174,0.4795706298982225 
7,86,0.4781120957797065 
7,3483,0.4781120957797065 
7,3800,0.47057386427055997 
7,3823,0.4683085998941994 
7,3795,0.46428621626651734 
7,126,0.4638061429729052 
7,250,0.46036243005675515 
7,3596,0.4503314362436912 
7,19,0.4478308658427191 
7,268,0.4478308658427191 
7,134,0.44705754227690947 
7,3563,0.44388348394856814 
7,3327,0.43916740664464243 
7,15,0.4379531983665749 
7,34,0.43761757177978783 
7,171,0.43761757177978783 
7,113,0.43041414876884343 
7,3715,0.4285435147765714 
7,247,0.42811297911579915 
7,3570,0.4253288860005707 
7,3548,0.4205143745628839 
7,3838,0.41983811706845725 
7,3833,0.41842148712329363 
7,22,0.4169190039526133 
7,17,0.414228382871046 
7,3608,0.414228382871046 
7,3388,0.4083586361848188 
7,3497,0.40808550198792887 
7,346,0.40424438232092924 
7,221,0.4009443126237065 
7,31,0.39321249606742625 
7,139,0.3925152451877006 
7,33,0.39231765834851734 
7,3773,0.3907345055198693 
7,327,0.3842425357395226 
7,3755,0.38290342032399016 
7,3580,0.38230218399639854 
7,78,0.3799593877076142 
7,3468,0.37879872438572293 
7,3585,0.3725715962517879 
7,3336,0.36648421702606604 
7,128,0.36536832203288033 
7,3404,0.36433073300880175 
7,3587,0.36398581028479265 
7,3774,0.36370274189195984 
7,3559,0.36041672662396723 
7,3348,0.3571895572804386 
7,3701,0.35605378274228583 
7,12,0.35596406520136353 
7,3758,0.35559754805756666 
7,313,0.3549451735433754 
7,161,0.3544561029494987 
7,3754,0.35245572737885833 
7,3602,0.3509272750189827 
7,3692,0.34993697330938756 
7,3713,0.3493689385033889 
7,3804,0.3489522450496049 
7,3458,0.34797304332033485 
7,3588,0.3463357480873222 
7,3718,0.34541266896892364 
7,3551,0.3418834450574548 
7,3711,0.3418834450574548 
7,3808,0.3418834450574548 
7,3691,0.33847502923269707 
7,3576,0.33612210896508266 
7,3872,0.3333136489713904 
7,3359,0.33035950599899777 
7,3769,0.32978661735286874 
7,3851,0.3291878673086262 
7,3449,0.3258647575961737 
7,24,0.31994709850815634 
7,3694,0.3193011340129564 
7,154,0.3176652191539378 
7,14,0.31604598181741395 
7,3460,0.31364784251931843 
7,3340,0.31242966225618285 
7,3445,0.31050636915147034 
7,3536,0.31000174178357454 
7,3922,0.307934569098133 
7,3463,0.30126013049654865 
7,308,0.2986706725195969 
7,3931,0.2930040619575046 
7,3834,0.2918573340761325 
7,26,0.29023770272124594 
7,3870,0.2886089873097835 
7,3567,0.2848307751899739 
7,3932,0.28286683364351006 
7,152,0.2828130345694656 
7,3915,0.28172014749031077 
7,3611,0.2810158443952868 
7,374,0.28032359235789484 
7,3916,0.2744874810342159 
7,3854,0.2740498335280479 
7,287,0.27394647402340266 
7,3612,0.27236196039405236 
7,186,0.2718036053504151 
7,3929,0.2691717060957187 
7,46,0.266590287872599 
7,3895,0.26646896968783107 
7,3678,0.26581338112464187 
7,3927,0.2655715311836689 
7,3617,0.2642251460135986 
7,3484,0.2629952409395574 
7,3935,0.2625614489206098 
7,3418,0.261413314690423 
7,155,0.2595723118582559 
7,3642,0.25913480182564397 
7,3439,0.25817212675143525 
7,209,0.2565604032014801 
7,138,0.25626807613781466 
7,3936,0.25601627208010463 
7,248,0.25496349567362675 
7,3572,0.25361758928115846 
7,3824,0.25361758928115846 
7,3438,0.2534004659308976 
7,336,0.25298793861185137 
7,3785,0.2518564834346293 
7,3495,0.251173872616234 
7,200,0.2504699218450745 
7,129,0.2493712885051953 
7,28,0.24792994851774977 
7,179,0.24654767588490392 
7,3786,0.24584264092940067 
7,3486,0.24518073084107647 
7,3796,0.24202532888690037 
7,3459,0.24190908430543187 
7,166,0.2398612382971725 
7,25,0.23728712271372113 
7,3505,0.23728712271372113 
7,144,0.23603647301643776 
7,3668,0.2360206727942397 
7,3569,0.2355880447937317 
7,142,0.2347676697108785 
7,3792,0.23469628061300124 
7,135,0.23463711306968293 
7,3488,0.2323011564025757 
7,3450,0.23168301062941507 
7,3695,0.23162757602268327 
7,341,0.23151051503156367 
7,3937,0.2290604207331995 
7,245,0.22869705497103865 
7,3485,0.22869705497103865 
7,3716,0.22821730112743538 
7,145,0.227798064548368 
7,242,0.22635581446643144 
7,3855,0.22635581446643144 
7,3845,0.22520307865708536 
7,3437,0.22368888602039055 
7,79,0.2229324743270952 
7,3693,0.22270142952998848 
7,3475,0.2218142560212471 
7,3867,0.2212937762058373 
7,3645,0.22014333862306004 
7,3708,0.21852591042586586 
7,265,0.2176771655648831 
7,331,0.21745135489771994 
7,347,0.21325677232991225 
7,3464,0.21223329047925707 
7,3325,0.21121958568531324 
7,3358,0.21021551851752163 
7,3487,0.21021551851752163 
7,3499,0.20922095218400444 
7,3810,0.20922095218400444 
7,3900,0.20922095218400444 
7,3632,0.2082357524694389 
7,3677,0.20725978767467762 
7,3589,0.20629292855805975 
7,321,0.20533504827835625 
7,3586,0.20533504827835625 
7,360,0.2043860223392982 
7,3334,0.2025140469006792 
7,3443,0.20250221373204136 
7,32,0.20159085965527576 
7,3640,0.20078136990866782 
7,42,0.20067605115817427 
7,20,0.1997695078577362 
7,220,0.1997695078577362 
7,3346,0.1997695078577362 
7,43,0.19887111824494935 
7,3489,0.19887111824494935 
7,3852,0.19798077280770365 
7,3417,0.1976969516046048 
7,115,0.19709836398628977 
7,30,0.1962237861300825 
7,3521,0.1962237861300825 
7,3337,0.19535693545537242 
7,3825,0.19535693545537242 
7,3503,0.19375181755205123 
7,178,0.19364600960492864 
7,3793,0.19334584667958882 
7,3878,0.19280173583221394 
7,3349,0.19113508297496548 
7,3849,0.19113508297496548 
7,3783,0.19024830045589963 
7,3739,0.18868843908373265 
7,3579,0.18788675131889296 
7,3628,0.1870918470554734 
7,3448,0.18568864870756902 
7,243,0.18552204752991186 
7,3709,0.18552204752991186 
7,3435,0.185325524497207 
7,182,0.18474698508305307 
7,297,0.18474698508305307 
7,3818,0.1832161272493823 
7,3441,0.1828228841296652 
7,132,0.1820023730789661 
7,3877,0.18171043103096562 
7,94,0.18096682546291565 
7,262,0.17995476076876926 
7,91,0.1787720821842302 
7,3440,0.17794311825299952 
7,136,0.1775471294371331 
7,3465,0.17733825787772062 
7,140,0.17537956175650074 
7,3913,0.17537956175650074 
7,47,0.1752301332100455 
7,3663,0.1752301332100455 
7,54,0.17385234285284049 
7,3680,0.17385234285284049 
7,3887,0.17385234285284049 
7,187,0.17116075512617823 
7,3745,0.17116075512617823 
7,318,0.17050083025176938 
7,148,0.16984597462560075 
7,3714,0.16984597462560075 
7,3367,0.16855123926079765 
7,323,0.16791124579448946 
7,317,0.1672760940877726 
7,3571,0.1666457294034606 
7,3720,0.1666457294034606 
7,3806,0.16539914624788649 
7,38,0.1647828223510602 
7,3462,0.1647828223510602 
7,116,0.16417107459578828 
7,3491,0.16356385220450917 
7,3656,0.16356385220450917 
7,3412,0.16301112815549254 
7,3578,0.16236278413233732 
7,198,0.15976980373512686 
7,3799,0.1594358941225967 
7,3643,0.15913246318520655 
7,3729,0.15850018728472415 
7,3370,0.15837985157694942 
7,3401,0.1581859297499185 
7,340,0.15496620925351454 
7,3844,0.15496620925351454 
7,3625,0.15388767325559194 
7,252,0.15335401554084394 
7,3629,0.15335401554084394 
7,3345,0.1528240463133628 
7,3331,0.15229772746421705 
7,35,0.15074029989167015 
7,141,0.15060783032754382 
7,3562,0.1497195912075267 
7,3655,0.14871261261423682 
7,3871,0.14847159145828134 
7,3622,0.14673875226443744 
7,3630,0.1443439090017754 
7,3606,0.14387429021427334 
7,151,0.14294416072141528 
7,3624,0.14294416072141528 
7,3669,0.14157129930920312 
7,3776,0.13978131942136246 
7,184,0.1389031967729389 
7,201,0.13803603818600066 
7,3351,0.13803603818600066 
7,3654,0.1376065064457124 
7,314,0.13591478263550952 
7,3461,0.13591478263550952 
7,3696,0.13549833111930212 
7,3924,0.13186202853442802 
7,3342,0.12992495486426273 
7,3697,0.12954434954306815 
7,199,0.12841579647529916 
7,3442,0.1280439690802166 
7,3698,0.1262166699130616 
7,49,0.12339905051126764 
7,3787,0.12237460659451388 
7,335,0.12136703224637978 
7,3858,0.12070448334830912 
7,3727,0.11940085250569689 
7,3646,0.11781038495279227 
7,3415,0.11656819660647799 
7,3771,0.11595687410825331 
7,3432,0.11535193011712085 
7,3387,0.11386682941111925 
7,312,0.11213441728306824 
7,3414,0.11213441728306824 
7,218,0.11185079404654931 
7,3791,0.11045393026700681 
7,3911,0.10909152598015592 
7,3910,0.10829009740677416 
7,214,0.10802556486994441 
7,3919,0.107500358167997 
7,3939,0.10470063106093302 
7,3788,0.10420718377953812 
7,197,0.1020430338870324 
7,3354,0.10087912633660592 
7,3906,0.0999669442753477 
7,366,0.0992935606322467 
7,101,0.0990711108812985 
7,3928,0.09840970201756241 
7,3912,0.0975414398527892 
7,3433,0.09711302899970117 
7,3938,0.09690023169535704 
7,370,0.09668836492907164 
7,3920,0.09626739870216193 
7,3909,0.09605828721928718 
7,371,0.09585008222882566 
7,3918,0.09585008222882566 
7,3413,0.09564277784909707 
7,3947,0.0950262103158386 
7,3410,0.09401607550199402 
7,3923,0.0924437820099755 
7,328,0.09225093527553158 
7,3921,0.09205889146026745 
7,3396,0.0912986459303745 
7,169,0.0909232125268727 
7,315,0.09073665132718033 
7,3926,0.0898152126016929 
7,131,0.0894518559956225 
7,3403,0.08891230032213815 
7,311,0.08802736131056349 
7,3782,0.08715986419497622 
7,3908,0.08698841251036642 
7,3925,0.08698841251036642 
7,3369,0.08681763402482295 
7,59,0.08630929834535588 
7,3411,0.08597370215921005 
7,3407,0.08465701567761162 
7,3434,0.08369566688385263 
7,3917,0.08123567564611164 
7,3907,0.08005912285634095 
7,3444,0.07808013457320719 
7,3790,0.07739685618523379 
7,188,0.07726163304718661 
7,3933,0.07378117026951889 
7,255,0.07317076685146687 
7,3446,0.0723329756698463 
7,3409,0.06884224106179661 
7,55,0.060797313776073496 
7,3726,0.05595115331343522 
8,70,1.251849262574167 
8,3749,1.2409979635330954 
8,3553,1.1700049774854697 
8,3554,1.0498847867841368 
8,3750,0.9649678430416545 
8,3431,0.9411832805661758 
8,3636,0.6647651838981075 
8,3662,0.6556322885870931 
8,3928,0.5790757750272917 
8,3944,0.5699602535221944 
8,3866,0.5673015527770682 
8,275,0.5314982294034541 
8,30,0.5193789491859032 
8,3376,0.5193789491859032 
8,202,0.5170845077147068 
8,171,0.5052388061469771 
8,3872,0.48900134316075883 
8,216,0.46277682298209233 
8,336,0.4539722005841885 
8,3856,0.4475953216390488 
8,3930,0.44613330146030666 
8,3720,0.4410896636481659 
8,3379,0.4361587899432558 
8,3598,0.41749053910035494 
8,106,0.40862214458400986 
8,3674,0.40061810665045167 
8,49,0.3995001983040485 
8,290,0.3500655498329124 
8,3924,0.34902171224201733 
8,371,0.31031135733397497 
8,3360,0.30964021650697726 
8,130,0.30373703175265954 
8,3826,0.30244481850126337 
8,3915,0.2901843042156137 
8,3734,0.2894652281220185 
8,3911,0.2887511409605488 
8,3403,0.28785052610368267 
8,3919,0.2845395258319442 
8,132,0.2670139826818167 
8,3906,0.26459955490123943 
8,136,0.2604777363214051 
8,3912,0.258179558818812 
8,3938,0.2564823638681664 
8,3909,0.2542538458791997 
8,3931,0.2467500010631749 
8,3921,0.24366796326188453 
8,3936,0.24165569180271837 
8,134,0.2391866126325841 
8,3926,0.2377292358993182 
8,131,0.23676747802091558 
8,3916,0.23115647538990114 
8,3908,0.2302470621529689 
8,3925,0.2302470621529689 
8,59,0.22844953490942357 
8,3929,0.22667985665989865 
8,3441,0.2258052594399532 
8,3927,0.22364801076178703 
8,3793,0.22322189749507615 
8,3409,0.22287439686070828 
8,3935,0.22111310460161984 
8,137,0.22069619639404614 
8,140,0.21661198285661498 
8,3937,0.2162118602351318 
8,138,0.21581321308997628 
8,3716,0.21541603327480638 
8,3917,0.2150203127031396 
8,129,0.2100051627021693 
8,139,0.2100051627021693 
8,133,0.20740039673744587 
8,135,0.19759694631059938 
8,3933,0.19528920239509198 
8,351,0.14603401294318438 
9,3903,1.0223498648954217 
9,204,0.9623721660954204 
9,3510,0.9051097754324045 
9,80,0.8845334316777379 
9,3508,0.723588573572682 
9,38,0.7196115802617324 
9,1,0.7041752594784182 
9,3582,0.6822114223941897 
9,3843,0.6517198608362762 
9,3732,0.5775676870876039 
9,3355,0.5505567873396817 
9,334,0.5459757620002824 
9,45,0.5370386720524951 
9,91,0.5305255334544878 
9,3392,0.5220831863649366 
9,3328,0.5119007273152077 
9,3431,0.49761123852500433 
9,3648,0.49268263750895736 
9,250,0.48719546063110103 
9,3875,0.4640302035626078 
9,3736,0.4571741679318255 
9,252,0.45509466527526293 
9,114,0.44405243870672223 
9,101,0.43264654435698124 
9,216,0.4242022926308035 
9,71,0.4228152009232027 
9,127,0.4058365125908756 
9,224,0.3983221600108367 
9,134,0.3946302591227788 
9,108,0.3883243647745014 
9,289,0.3883243647745014 
9,3612,0.3811492945968542 
9,3934,0.3697624582820895 
9,3402,0.3692915378525566 
9,64,0.3569652526933137 
9,3581,0.3489147970722561 
9,129,0.34648424032653624 
9,271,0.34502421928549554 
9,206,0.3431112864425475 
9,3809,0.3431112864425475 
9,277,0.34121944855607306 
9,53,0.3374976771226829 
9,173,0.3261547207439928 
9,3673,0.32508732779266897 
9,3370,0.3227430830152876 
9,324,0.32170740922378216 
9,270,0.32004366928654576 
9,3443,0.3153644599051537 
9,79,0.31197658883629903 
9,3475,0.3104117296398729 
9,266,0.309246114320338 
9,3850,0.3073286390214916 
9,3478,0.30134261149920943 
9,347,0.29843619947495054 
9,3338,0.29700391654951735 
9,3464,0.29700391654951735 
9,153,0.2914096742758831 
9,3632,0.2914096742758831 
9,207,0.2847064098375243 
9,3390,0.28340259414520536 
9,42,0.2808304626342035 
9,66,0.2795618260779695 
9,160,0.2758237688217523 
9,352,0.2758237688217523 
9,30,0.27459986540851083 
9,3548,0.27459986540851083 
9,202,0.27338677558235247 
9,3888,0.27338677558235247 
9,3599,0.27099246846229547 
9,241,0.2703353502211191 
9,3349,0.267478622724035 
9,310,0.26518625009823127 
9,3576,0.2607173963529585 
9,3761,0.25853897857624214 
9,3772,0.25853897857624214 
9,3868,0.2553387634629055 
9,210,0.25324894038370477 
9,3407,0.25122887116538645 
9,177,0.25119304796124287 
9,3658,0.24917026649564203 
9,3389,0.24817104340611973 
9,88,0.24717980247928473 
9,143,0.24425302753320768 
9,3680,0.24329277754683695 
9,3509,0.2413947514780688 
9,3574,0.24045680074883677 
9,283,0.2395261107117231 
9,3745,0.2395261107117231 
9,3828,0.2395261107117231 
9,36,0.2376861780734803 
9,3930,0.23587429703741228 
9,3492,0.2332076847949369 
9,3756,0.23233216225887746 
9,3379,0.2306006918510815 
9,3827,0.2263828597325311 
9,3718,0.22555774105904433 
9,213,0.22231654979783172 
9,3598,0.2207306361299013 
9,304,0.21686310840864173 
9,3844,0.21686310840864173 
9,3625,0.21535378150333248 
9,3769,0.21535378150333248 
9,3446,0.2146559464695924 
9,111,0.21460696920532257 
9,3775,0.21460696920532257 
9,3331,0.21312877652850779 
9,3493,0.21312877652850779 
9,3838,0.20952087616609888 
9,3655,0.2081116882605952 
9,3409,0.2042968131113137 
9,3624,0.2000391902998527 
9,19,0.19939465939324028 
9,351,0.1969858564016626 
9,3580,0.19078850941511277 
9,3660,0.19078850941511277 
9,3897,0.1896193332227931 
9,3924,0.1845306117171898 
9,3342,0.181819828383506 
9,3404,0.181819828383506 
9,199,0.17970787906959973 
9,3450,0.17970787906959973 
9,3602,0.1751308114802969 
9,3692,0.17463659984627006 
9,3804,0.1741451696511848 
9,3458,0.17365649747989031 
9,335,0.16984368397515573 
9,3858,0.1689164985313067 
9,3727,0.16709216896870008 
9,3415,0.1631280882422255 
9,269,0.1605882336386472 
9,3387,0.15934773580435785 
9,154,0.15853132990727534 
9,3757,0.15853132990727534 
9,3699,0.1581262560376622 
9,3414,0.15692336031667098 
9,3460,0.1565264517455399 
9,3445,0.15495869449405464 
9,3734,0.15304261523756724 
9,3911,0.152665071560187 
9,3865,0.15154353485597077 
9,3910,0.15154353485597077 
9,3919,0.15043835646270368 
9,3939,0.14652035700941282 
9,3788,0.14582981607281398 
9,3416,0.14548698072221353 
9,3641,0.14346334897655721 
9,197,0.14280125729853801 
9,265,0.1421452487296231 
9,132,0.14117245957223595 
9,3527,0.1402128947261753 
9,3906,0.13989593201056966 
9,136,0.13771669307715712 
9,3928,0.13771669307715712 
9,3922,0.13710646854406563 
9,3912,0.1365016279808799 
9,3914,0.13590210044694714 
9,3938,0.13560430723703806 
9,370,0.13530781624247568 
9,3920,0.13471870688152235 
9,3909,0.13442607169093074 
9,371,0.1341347050656827 
9,3463,0.1341347050656827 
9,3918,0.1341347050656827 
9,3413,0.13384459877482596 
9,3947,0.13298176066030812 
9,3410,0.13156815587061005 
9,3826,0.13073432721525854 
9,3418,0.13045872803990952 
9,3931,0.13045872803990952 
9,3923,0.12936785391025168 
9,328,0.12909797996496117 
9,3417,0.12909797996496117 
9,3921,0.12882922964236213 
9,3396,0.12776532539148994 
9,3936,0.12776532539148994 
9,248,0.1272399356611995 
9,315,0.12697885783095106 
9,354,0.12697885783095106 
9,3932,0.12594517316678394 
9,3926,0.12568937629055665 
9,375,0.1254346163642334 
9,3915,0.1254346163642334 
9,131,0.1251808870951842 
9,3403,0.12442582106449931 
9,198,0.12392748389536218 
9,3401,0.12269893185858555 
9,3916,0.1222143044685713 
9,3908,0.12173349030994254 
9,3925,0.12173349030994254 
9,186,0.12101932100797794 
9,3435,0.12101932100797794 
9,3411,0.12031348241308419 
9,3929,0.11984747981641564 
9,46,0.11869811507492584 
9,3927,0.11824451828540679 
9,3569,0.11757058626335318 
9,3434,0.11712554993891262 
9,3792,0.11712554993891262 
9,3935,0.11690429282671967 
9,137,0.11668387007399378 
9,3642,0.11537859376826863 
9,3439,0.11494996706303474 
9,140,0.1145245132316802 
9,3913,0.1145245132316802 
9,3937,0.1143129651545423 
9,138,0.11410219717371294 
9,3716,0.11389220498215494 
9,3917,0.11368298430447941 
9,3907,0.11203649055319251 
9,3437,0.1116322922627076 
9,139,0.11103143379896016 
9,133,0.10965427289466309 
9,3786,0.10946031948960959 
9,327,0.10869131885388544 
9,3790,0.1083108562456221 
9,188,0.1081216220236137 
9,3412,0.10644780906269333 
9,135,0.10447110909495451 
9,3933,0.10325098615853412 
9,255,0.10239677424188674 
9,3645,0.09801782183957848 
9,3793,0.09648955050162408 
9,3449,0.09217790061415809 
9,3503,0.08626711692798025 
9,262,0.08012404004837569 
9,3726,0.0782992697895193 
9,3459,0.06842922105250059 
10,3751,1.38926601794217 
10,3854,1.2601232706804975 
10,3524,1.2554437861603853 
10,3548,0.9508595469328195 
10,3527,0.9462213555819136 
10,3383,0.8713363305826426 
10,356,0.8639321708081431 
10,118,0.7809779057399939 
10,3894,0.7438380015294179 
10,293,0.7434171515651729 
10,3546,0.7201290938295526 
10,87,0.6654156697295028 
10,231,0.659745995300125 
10,2,0.6477953862736099 
10,3368,0.6447434467480471 
10,284,0.6283968300577146 
10,48,0.6268837831882941 
10,183,0.5846292902141672 
10,3815,0.5819272266074019 
10,3496,0.5803636545138422 
10,3402,0.5721978913173191 
10,3888,0.5562196394200665 
10,249,0.5537732554744108 
10,65,0.5262874684237863 
10,102,0.5149532400867487 
10,225,0.511065344196733 
10,3543,0.5078841540450385 
10,3741,0.4989146726858186 
10,3585,0.49499183240428646 
10,3680,0.49499183240428646 
10,357,0.48544941648680584 
10,36,0.48358491365044287 
10,282,0.48173467829419475 
10,3899,0.462646859494299 
10,3920,0.4426523006811326 
10,3477,0.42930090812137606 
10,328,0.42418398430021403 
10,305,0.42341407318197194 
10,295,0.41998670560632156 
10,3668,0.4132620406930034 
10,18,0.4067493275640556 
10,311,0.4047633418200504 
10,192,0.40043870106329965 
10,3393,0.39837844967382785 
10,219,0.3943208989040958 
10,3537,0.3943208989040958 
10,3902,0.3943208989040958 
10,3724,0.3907621039312631 
10,3892,0.3807479642041063 
10,125,0.37996916520105956 
10,359,0.37888487694703504 
10,98,0.37703993393391194 
10,290,0.37655998390282425 
10,215,0.37521287139425424 
10,3900,0.36633688325544495 
10,3631,0.35622471518928556 
10,49,0.35134138043353663 
10,3502,0.349787810991868 
10,115,0.34511075302813227 
10,160,0.34511075302813227 
10,217,0.34357940484018684 
10,3552,0.3420615866144965 
10,85,0.3375875420397441 
10,255,0.33645043624386595 
10,3588,0.33612208935599264 
10,310,0.3318010875387972 
10,221,0.3275897725220587 
10,3679,0.3262096568662639 
10,334,0.32213821118139097 
10,218,0.31846122170375635 
10,3793,0.3170407622661824 
10,3658,0.3117618857499633 
10,3560,0.30804104403336946 
10,47,0.30682042205862914 
10,3887,0.3044079704376558 
10,3890,0.2962551422246517 
10,3492,0.29178950043112056 
10,3806,0.28960678697357867 
10,38,0.28852763035430934 
10,3529,0.28852763035430934 
10,275,0.28745648636196325 
10,286,0.2832502779898007 
10,3490,0.2832502779898007 
10,304,0.27133916328760416 
10,252,0.26851628147897755 
10,3644,0.2665488954655391 
10,216,0.2502890736879658 
10,251,0.2486813793258176 
10,3669,0.24788525243755324 
10,3776,0.24475107468739765 
10,15,0.24397987482009265 
10,3773,0.24397987482009265 
10,127,0.23945284259349794 
10,3660,0.23871461997140211 
10,3461,0.2379809351753847 
10,3696,0.23725174649288489 
10,3732,0.2315752562847791 
10,3531,0.2295159797500737 
10,3450,0.22485053313471756 
10,3504,0.22355218496265167 
10,3399,0.22290861745144538 
10,12,0.22226874473942163 
10,3896,0.22226874473942163 
10,3545,0.22163253509921996 
10,3458,0.21727904331639522 
10,3674,0.21667103847170913 
10,3787,0.21427266964170164 
10,335,0.2125084503200203 
10,307,0.21192681542900746 
10,3727,0.2090657542104629 
10,3359,0.20628091397258094 
10,3771,0.20303549625136055 
10,3432,0.2019762653572163 
10,3734,0.19148694985805828 
10,214,0.18914811510636959 
10,3561,0.18868718745407462 
10,3436,0.18731778527497286 
10,358,0.18641584006414585 
10,3939,0.1833262990984172 
10,3891,0.18246229414465853 
10,3494,0.1807584880905115 
10,3567,0.17785216277047222 
10,3354,0.17663500878813926 
10,3535,0.17004073442872927 
10,370,0.1692971659168712 
10,3463,0.16782936898501807 
10,3360,0.1674663879376506 
10,3895,0.16638680472147366 
10,3931,0.16322998581765033 
10,354,0.15887597153750352 
10,3408,0.15887597153750352 
10,3438,0.1582266553984434 
10,3932,0.1575826250852807 
10,3530,0.1563101658424994 
10,3406,0.15568161144032114 
10,198,0.15505809187767616 
10,3401,0.15352092733106223 
10,3405,0.15291456144671398 
10,3435,0.15141939790912903 
10,3796,0.1511238670015924 
10,3407,0.1482307911578973 
10,3913,0.14329309316017327 
10,3495,0.1399267552504389 
10,3437,0.13967434572303372 
10,56,0.13793265865357213 
10,3444,0.13671495538629552 
10,188,0.1352817944392098 
10,3412,0.13318751933797737 
10,3856,0.13318751933797737 
10,3639,0.1291876539004743 
10,3446,0.12665192748085244 
10,3443,0.1264451029002421 
10,3645,0.12263991768995994 
10,3409,0.1205398014091759 
10,3449,0.11533300712043522 
10,241,0.10839072096634751 
10,262,0.10025121444345397 
10,141,0.0940415526940744 
